0
1
2
3
4
5
6
7
8
9
10
11
12
13
14
15
16
17
18
19
20
21
22
23
24
25
26
27
28
29
30
31
32
33
34
35
36
37
38
39
40
41
42
43
44
45
46
47
48
49
50
51
52
53
54
55
56
57
58
59
60
61
62
63
64
65
66
67
68
69
70
71
72
73
74
75
76
77
78
79
80
81
82
83
84
85
86
87
88
89
90
91
92
93
94
95
96
97
98
99
0


20
0
0
0
0
0
0
0
0


26
18
2
18

824
72
0
72
36
18
42
6
648
144
4
144
0
144
6
144
2
144
8
144
4
144
0
144
6
144
02
6
108
24
14
12
20
0
126
78
32
6
138
114
4
114
0
114
6
114
2
114
8
114
4
114
0
114
6
114
2
114
8
114
4
114
0
114
6
114
2
114
8
114
4
114
0
114
6
114
2
114
8
114
4
114
0
114
